Obs.	pop1	pop2	pop3	pop4	pop5	pop6	pop7	pop8	pop9	pop10	pop11	pop12	pop13	pop14	pop15	pop16	pop17	pop18	pop19	pop20
pop1	0.000000	27.018512	31.144823	34.058773	38.600518	53.235327	92.574294	72.111026	67.675697	97.169954	75.325958	82.462113	85.906926	97.020616	109.635761	81.467785	116.038787	123.907223	118.511603	133.869339
pop2	27.018512	0.000000	20.396078	41.400483	30.265492	26.305893	65.969690	47.010637	47.010637	72.718636	76.655072	75.166482	83.486526	99.201814	105.004762	65.795137	95.587656	106.850363	108.171161	116.811814
pop3	31.144823	20.396078	0.000000	24.698178	10.000000	34.000000	68.117545	45.099889	37.121422	68.410526	56.320511	55.731499	63.198101	78.847955	85.146932	50.606324	85.000000	92.956979	90.138782	102.941731
pop4	34.058773	41.400483	24.698178	0.000000	21.213203	58.668561	90.609050	66.753277	54.147945	87.143560	41.303753	51.613952	52.497619	63.000000	76.550637	58.591808	96.772930	99.624294	88.232647	109.201648
pop5	38.600518	30.265492	10.000000	21.213203	0.000000	39.698866	69.426220	45.541190	33.734256	66.483081	46.818800	45.891176	53.235327	69.260378	75.166482	43.139309	79.404030	85.562842	80.777472	95.482983
pop6	53.235327	26.305893	34.000000	58.668561	39.698866	0.000000	39.849718	24.207437	33.136083	49.517674	83.761566	74.040529	86.406018	105.190304	104.048066	56.008928	77.025970	92.027170	101.000000	101.592323
pop7	92.574294	65.969690	68.117545	90.609050	69.426220	39.849718	0.000000	24.041631	40.816663	22.090722	102.078401	83.438600	99.085821	119.670381	109.041277	57.489129	55.000000	75.425460	96.772930	83.024093
pop8	72.111026	47.010637	45.099889	66.753277	45.541190	24.207437	24.041631	0.000000	18.439089	25.806976	79.511006	63.245553	78.102497	98.412398	91.235958	39.560081	53.225934	69.634761	83.360662	78.847955
pop9	67.675697	47.010637	37.121422	54.147945	33.734256	33.136083	40.816663	18.439089	0.000000	33.015148	61.400326	44.944410	59.665736	79.981248	73.539105	23.086793	48.795492	60.373835	68.066144	70.235319
pop10	97.169954	72.718636	68.410526	87.143560	66.483081	49.517674	22.090722	25.806976	33.015148	0.000000	89.554453	67.955868	84.059503	104.560987	90.609050	41.340053	33.060551	53.338541	76.059187	61.000000
pop11	75.325958	76.655072	56.320511	41.303753	46.818800	83.761566	102.078401	79.511006	61.400326	89.554453	0.000000	25.019992	14.212670	22.561028	37.443290	49.040799	84.053554	77.878110	55.470713	85.726309
pop12	82.462113	75.166482	55.731499	51.613952	45.891176	74.040529	83.438600	63.245553	44.944410	67.955868	25.019992	0.000000	16.124515	36.619667	30.265492	26.627054	59.135438	53.450912	36.619667	61.846584
pop13	85.906926	83.486526	63.198101	52.497619	53.235327	86.406018	99.085821	78.102497	59.665736	84.059503	14.212670	16.124515	0.000000	20.615528	24.166092	42.720019	73.979727	65.490457	41.340053	72.780492
pop14	97.020616	99.201814	78.847955	63.000000	69.260378	105.190304	119.670381	98.412398	79.981248	104.560987	22.561028	36.619667	20.615528	0.000000	27.513633	63.245553	92.444578	81.154174	51.788030	87.051709
pop15	109.635761	105.004762	85.146932	76.550637	75.166482	104.048066	109.041277	91.235958	73.539105	90.609050	37.443290	30.265492	24.166092	27.513633	0.000000	51.971146	71.589105	56.753854	25.000000	61.294372
pop16	81.467785	65.795137	50.606324	58.591808	43.139309	56.008928	57.489129	39.560081	23.086793	41.340053	49.040799	26.627054	42.720019	63.245553	51.971146	0.000000	38.600518	42.449971	45.011110	52.402290
pop17	116.038787	95.587656	85.000000	96.772930	79.404030	77.025970	55.000000	53.225934	48.795492	33.060551	84.053554	59.135438	73.979727	92.444578	71.589105	38.600518	0.000000	21.540659	50.990195	28.071338
pop18	123.907223	106.850363	92.956979	99.624294	85.562842	92.027170	75.425460	69.634761	60.373835	53.338541	77.878110	53.450912	65.490457	81.154174	56.753854	42.449971	21.540659	0.000000	33.105891	10.000000
pop19	118.511603	108.171161	90.138782	88.232647	80.777472	101.000000	96.772930	83.360662	68.066144	76.059187	55.470713	36.619667	41.340053	51.788030	25.000000	45.011110	50.990195	33.105891	0.000000	36.496575
pop20	133.869339	116.811814	102.941731	109.201648	95.482983	101.592323	83.024093	78.847955	70.235319	61.000000	85.726309	61.846584	72.780492	87.051709	61.294372	52.402290	28.071338	10.000000	36.496575	0.000000
